;Version, 1, 0
;Vi
;X, Y
;Re, Re
;time, V
;s, V
0,0
1e-12,2
3e-12,2
7.000000000000001e-12,2
1.5e-11,2
3.100000000000001e-11,2
6.300000000000002e-11,2
1.27e-10,2
2.550000000000001e-10,2
5.110000000000001e-10,2
1.023e-09,2
2.047000000000001e-09,2
4.095000000000002e-09,2
8.191000000000004e-09,2
1.638300000000001e-08,2
3.276700000000002e-08,2
6.553500000000004e-08,2
1.310710000000001e-07,2
2.621430000000001e-07,2
5.242870000000003e-07,2
1.048575000000001e-06,2
2.097151000000001e-06,2
4.194303000000001e-06,2
8.388607000000002e-06,2
1.6777215e-05,2
3.355443100000001e-05,2
6.710886300000002e-05,2
0.000134217727,2
0.0002684354550000001,2
0.0005368709110000001,2
0.001073741823,2
0.00173348665965053,2
0.002279523068232743,2
0.002764929482478631,2
0.003210552670935068,2
0.003622488458011784,2
0.004015067499270362,2
0.004395853943020521,2
0.004769262364565222,2
0.005138857168734426,2
0.005507185347773149,2
0.005876354819048992,2
0.006248279583989059,2
0.00662471423345901,2
0.007007305799400019,2
0.00739761636974044,2
0.007797134785177347,2
0.00820729010664226,2
0.008629463032324928,2
0.009064996099826491,2
0.009515203194787415,2
0.00998137819399109,2
0.01046480294016805,2
0.01096675469149604,2
0.01148851312059858,2
0.01203136693512459,2
0.01259662017222456,2
0.01318559820886227,2
0.01379965352784232,2
0.01444017127816402,2
0.01510857466817,2
0.0158063302301589,2
0.01653495299510948,2
0.01729601161601519,2
0.01809113347812256,2
0.01892200983418319,2
0.01979040100278869,2
0.02069814166804665,2
0.02164714631936565,2
0.02263941487101443,2
0.02367703850249442,2
0.02476220576267988,2
0.02589720898321873,2
0.02708445104994267,2
0.02832645258510531,2
0.02962585959827109,2
0.03098545166977751,2
0.03240815073803865,2
0.03389703057078954,2
0.03545532701094951,2
0.03708644910041999,2
0.03879399120025955,2
0.04058174624377878,2
0.04245372028081463,2
0.04441414849754864,2
0.04646751292775266,2
0.04861856210948903,2
0.050872332987719,2
0.05323417541999598,2
0.05570977971213054,2
0.05830520769683512,2
0.06093376851856853,2
0.06350749003490709,2
0.06603739101921224,2
0.0685362610563143,2
0.07101592999842346,2
0.07349021455364796,2
0.07596989279844669,2
0.07846386360761042,2
0.08098000953014947,2
0.08352531568605411,2
0.08610615732434215,2
0.08872845030192912,2
0.0913977230016446,2
0.09411918637663796,2
0.09689779053369711,2
0.09973827408523661,2
0.1026452102326949,2
0.1056230486122543,2
0.10867615355653,2
0.1118088394351501,2
0.1150254035454811,2
0.1183301571243768,2
0.1217274550108767,2
0.1252217244471232,2
0.1288174934919468,2
0.1325194195146817,2
0.136332318244677,2
0.140261193875481,2
0.1443112707612049,2
0.1484880272987604,2
0.1527972326667783,2
0.157244987194832,2
0.1618377672717141,2
0.1665824758780763,2
0.1714865000591383,2
0.1765577769546484,2
0.181804870399737,2
0.1872370606354425,2
0.1928644503695964,2
0.1986980913767449,2
0.2047501371217824,2
0.2110340286877589,2
0.2175647238146118,2
0.2243589824699234,2
0.2314357276417693,2
0.2388165078876595,2
0.2465261001292492,2
0.2545933098962137,2
0.2630520564147706,2
0.2719428803687366,2
0.2813150998670963,2
0.291230000077641,2
0.3017657505535974,2
0.3130253820123751,2
0.3251505902651283,2
0.3383477451209918,2
0.3527393420251622,2
0.3671103141633631,2
0.381410993839971,2
0.3956857151203339,2
0.4099256957540396,2
0.4241792513014382,2
0.4384798750954841,2
0.4528483192577054,2
0.467319178908328,2
0.4819998849704456,2
0.4909999424857228,2
0.500000000001,2
0.5011750983027081,0
0.502430415225026,0
0.5041672540788937,0
0.5076409317866293,0
0.5145882872021004,0
0.5284829980330426,0
0.5437471119883702,0
0.5581282219640707,0
0.5721307086199016,0
0.5857416349892045,0
0.599788775668896,0
0.6143996288999811,0
0.6292561738718013,0
0.6440115890709606,0
0.6586808963907873,0
0.6733296380284975,0
0.6880447485308596,0
0.7029412181335605,0
0.718153503799155,0
0.7333667869467204,0
0.7475182821317341,0
0.7604531080019159,0
0.7720165421019698,0
0.7819516184462545,0
0.789822917016535,0
0.7970098932188437,0
0.8042933874489392,0
0.8132339663066872,0
0.8243278194467611,0
0.837474268955309,0
0.8525783173321911,0
0.8696183481512387,0
0.8877214341916945,0
0.9056654708498469,0
0.9234397321321579,0
0.9410806432471996,0
0.9583178750873858,0
0.9747100808049937,0
0.9873550404024969,0
1,0
1.002383072653997,2
1.004448533966692,2
1.006957617055572,2
1.01197578323333,2
1.022012115588848,2
1.037517626873971,2
1.051876834783387,2
1.065715314141816,2
1.080052670517677,2
1.094974777795474,2
1.110608046908409,2
1.125251176277839,2
1.138626099578462,2
1.150691622816551,2
1.161310161195787,2
1.170324126598165,2
1.177371083380216,2
1.183678342373139,2
1.189977514078723,2
1.197729249473351,2
1.207252500494158,2
1.218398570437301,2
1.231017966877239,2
1.243846504479472,2
1.2561880285885,2
1.269021866794189,2
1.282912273498261,2
1.297723280055747,2
1.313369139464746,2
1.329755092921654,2
1.346017540854295,2
1.362297688027836,2
1.378962275613836,2
1.395955413378611,2
1.413259309575254,2
1.430866710334308,2
1.447342996898606,2
1.461746890640407,2
1.475088776263549,2
1.488073810096534,2
1.500000000001,2
1.502383537692357,0
1.504526589372975,0
1.507084201845726,0
1.512199426791228,0
1.522429876682232,0
1.535617394488807,0
1.548141555578707,0
1.561604119744856,0
1.576000431965415,0
1.591169524996431,0
1.607214384194573,0
1.623768522217124,0
1.63988523570039,0
1.656159926615648,0
1.673002852367184,0
1.69038381842525,0
1.705761864381309,0
1.718189277092556,0
1.728103193804459,0
1.737582547069903,0
1.746812848185584,0
1.756400983592687,0
1.767584479329815,0
1.780189184723517,0
1.79215435654353,0
1.802414683848699,0
1.810348173853439,0
1.817647235348679,0
1.825041393894314,0
1.834648119287104,0
1.846663674040421,0
1.861020241849979,0
1.877705315692624,0
1.895007909569825,0
1.9127573272694,0
1.93095886032262,0
1.947380065865936,0
1.961838493472907,0
1.974437408184014,0
1.986007131090918,0
1.993003565545459,0
2,0
2.001402810482171,2
2.002884877052398,2
2.004741591694862,2
2.008455020979789,2
2.015881879549643,2
2.027925151343703,2
2.039578903438407,2
2.052250228738251,2
2.066089953533457,2
2.080802623837418,2
2.096477971195984,2
2.112396420183133,2
2.127248211961618,2
2.14097500834461,2
2.153541819777095,2
2.164864616754506,2
2.174843617640922,2
2.183253434343473,2
2.189650638919791,2
2.195989230039495,2
2.20237861423349,2
2.210470820143199,2
2.220356735843672,2
2.230596783560262,2
2.238597810819912,2
2.246375735031539,2
2.254335427358027,2
2.263989539962669,2
2.275298096926718,2
2.288005932135969,2
2.30194621941418,2
2.316942106341105,2
2.332881909399985,2
2.349704124129149,2
2.3664841576385,2
2.383436662858825,2
2.401004367271091,2
2.41916911120266,2
2.436758312663455,2
2.452504908750104,2
2.466453983015283,2
2.478612882558312,2
2.489323073028932,2
2.494661536514966,2
2.500000000001,2
2.501252306653512,0
2.502562770547466,0
2.504150185086989,0
2.507325014166035,0
2.513674672324127,0
2.525006518265817,0
2.536066566215598,0
2.548227667455396,0
2.561682401378631,0
2.576089713781032,0
2.591529068618846,0
2.607986018443259,0
2.625442476716833,0
2.643007282558266,0
2.660477830757242,0
2.678668164300135,0
2.696023144277305,0
2.711010553908559,0
2.7237367430871,0
2.734136155496908,0
2.741890932040603,0
2.748442764104318,0
2.754956691949105,0
2.763348726350669,0
2.773591420743583,0
2.785442815530095,0
2.798680099366163,0
2.81176402095481,0
2.823222001318966,0
2.832525089334841,0
2.84098013659332,0
2.849657471006764,0
2.860181040500915,0
2.873657114086474,0
2.890424892217687,0
2.908839537391995,0
2.92752499395545,0
2.944399952000701,0
2.959441264809242,0
2.972733057566029,0
2.984245433199438,0
2.992122716599719,0
3,0
3.002013524164397,2
3.003768363878736,2
3.005774419272254,2
3.009786530059291,2
3.017810751633365,2
3.028635779036845,2
3.039807533567991,2
3.052246922437441,2
3.065881691701135,2
3.080548715285081,2
3.095874246302456,2
3.110301279920839,2
3.123733262989914,2
3.136154282495395,2
3.147481919384482,2
3.157648861159876,2
3.166496564817415,2
3.173720630443989,2
3.180417582150828,2
3.187142147316118,2
3.194427672916089,2
3.203352951847876,2
3.21386082538394,2
3.225817147172646,2
3.236734348348904,2
3.245147134509128,2
3.251214329375007,2
3.257095213334232,2
3.264902159884678,2
3.274572520440391,2
3.285960400182977,2
3.298823371159575,2
3.312913699778752,2
3.328099430703177,2
3.343360037946196,2
3.359454851223277,2
3.376398373385224,2
3.394127029894638,2
3.412670454490584,2
3.430887188424492,2
3.447358007981979,2
3.462132316238277,2
3.475239509450979,2
3.486633113855947,2
3.493316556928474,2
3.500000000001,2
3.501920712346156,0
3.503563455396041,0
3.505392500847545,0
3.509050591750553,0
3.51636677355657,0
3.526973709455119,0
3.537649752082359,0
3.549626705673781,0
3.562896789655373,0
3.577235420769479,0
3.592694490234373,0
3.608962907230114,0
3.625287726552552,0
3.642481338053582,0
3.660583545972695,0
3.679549057888079,0
3.697060516631003,0
3.712460070698822,0
3.725844946352025,0
3.73715873257011,0
3.743484085529306,0
3.750661795198905,0
3.756061742842085,0
3.762033920068771,0
3.770154782656772,0
3.780127882401098,0
3.791759556891726,0
3.804819090135152,0
3.818277320624746,0
3.832487386815198,0
3.845324971882374,0
3.85613686098034,0
3.866824334554838,0
3.878282213653582,0
3.892321555513183,0
3.911024355330804,0
3.92947823825982,0
3.946201165309973,0
3.961327347664843,0
3.97473616278584,0
3.986446048050389,0
3.993223024025195,0
4,0
4.001919745049192,2
4.003568785504754,2
4.005411593701472,2
4.009097210094909,2
4.016468442881783,2
4.026982303385003,2
4.037330316362781,2
4.049025746370623,2
4.062057300869082,2
4.076180906672591,2
4.089566036371209,2
4.102065618368384,2
4.113654024430185,2
4.124232835521167,2
4.133740687270293,2
4.14203358120488,2
4.149044808715665,2
4.156023803250339,2
4.163052339242318,2
4.170198422051696,2
4.178802908452691,2
4.188825289785043,2
4.20015375740191,2
4.212758531761096,2
4.226516751158838,2
4.238428598788594,2
4.248144670571321,2
4.25521712476891,2
4.260354090683857,2
4.266649634417022,2
4.274873216185311,2
4.28498632557589,2
4.296780319628073,2
4.309310630934708,2
4.323022571112253,2
4.337834622463636,2
4.35362753693579,2
4.370378928285753,2
4.388052249071405,2
4.406637013579242,2
4.425391945464354,2
4.442476759112118,2
4.457916937651919,2
4.47177374382659,2
4.484012060082544,2
4.492006030041772,2
4.500000000001,2
4.501998555822524,0
4.503755941016304,0
4.505777834615874,0
4.509821621815015,0
4.517909196213297,0
4.528427336668599,0
4.538714751322142,0
4.550395720902936,0
4.563394486658659,0
4.576979126912406,0
4.591287269141636,0
4.606674906233778,0
4.623085829862503,0
4.64050438139633,0
4.658936675591658,0
4.67833493163673,0
4.696291928511364,0
4.712255547397909,0
4.726336733719063,0
4.738502050359767,0
4.748684024135827,0
4.753319646287685,0
4.759406957708664,0
4.764212754495307,0
4.770512527936527,0
4.779061227187261,0
4.789424539044996,0
4.800789373335246,0
4.813521744178288,0
4.82746897143496,0
4.842182406812313,0
4.855560920905068,0
4.867265402528687,0
4.879947437706441,0
4.894405569343036,0
4.913310132773574,0
4.931556828576188,0
4.948130599234797,0
4.96320030627097,0
4.976617761448747,0
4.988408840871098,0
4.994204420435549,0
5,0
5.001289644806051,2
5.002647217656412,2
5.004311145050554,2
5.007638999838839,2
5.01429470941541,2
5.024943029625435,2
5.03538740243941,2
5.046398732851467,2
5.058815056159539,2
5.071512886105239,2
5.083792064015912,2
5.095243463209845,2
5.105746981958045,2
5.115218991011836,2
5.123535381801056,2
5.13068892649599,2
5.137797073404049,2
5.144937492900452,2
5.152128720108072,2
5.16033457253637,2
5.16986642734295,2
5.180646862543027,2
5.192631750391696,2
5.205774841408034,2
5.220061655399937,2
5.233590142791658,2
5.245248780393609,2
5.254822746713233,2
5.259510419358883,2
5.264152043939402,2
5.26899424674433,2
5.275864636245768,2
5.284942638844922,2
5.29529590997414,2
5.307188300199813,2
5.320424801033123,2
5.334811626303114,2
5.350283854274505,2
5.366779705076063,2
5.384268112536231,2
5.402751009182786,2
5.421797794496831,2
5.439228279161813,2
5.455046334550902,2
5.469333859428972,2
5.482056324769289,2
5.491028162385144,2
5.500000000001,2
5.502072449159361,0
5.503915858640144,0
5.506075754785875,0
5.510395547077336,0
5.519035131660259,0
5.529831003596098,0
5.540347070216501,0
5.551930155793579,0
5.564029920047959,0
5.577064750927323,0
5.591335569324817,0
5.606749253635778,0
5.623266477961487,0
5.640862644805643,0
5.659531741010762,0
5.678773496546875,0
5.696959267705011,0
5.713268592524301,0
5.727769863331543,0
5.740467928129171,0
5.751307012002838,0
5.757352456841309,0
5.761873676372091,0
5.766808098284254,0
5.771294457225953,0
5.778014359474258,0
5.786949760625395,0
5.79721999417661,0
5.809061483464,0
5.822259889516348,0
5.835757862446887,0
5.847490130031608,0
5.858421731280187,0
5.870011908007928,0
5.882660159396199,0
5.900085924226937,0
5.919345183915683,0
5.937007282814712,0
5.953139667832516,0
5.967700717812788,0
5.980656696997791,0
5.992035795351843,0
6,0
6.002022383461642,2
6.003890922631094,2
6.0059356260197,2
6.010025032796912,2
6.018164803142845,2
6.029181020750925,2
6.039940283663153,2
6.051381321127998,2
6.06297165773234,2
6.075771733644093,2
6.088363522586258,2
6.100015637258248,2
6.110680457052433,2
6.120213237447551,2
6.128467106009985,2
6.135559646972954,2
6.142605087034698,2
6.149682307631916,2
6.156901394725495,2
6.165540619568712,2
6.175556054861117,2
6.18683581062992,2
6.199343478867545,2
6.213017173632973,2
6.227842540027808,2
6.241032384710629,2
6.252334035860389,2
6.261564401476026,2
6.26615280717424,2
6.270643458936924,2
6.275881758908085,2
6.283132762648547,2
6.29208877231475,2
6.302838168358989,2
6.315124466089428,2
6.328704117254743,2
6.343461219443548,2
6.359315313017299,2
6.376225237995278,2
6.394185017383123,2
6.413217922765511,2
6.431302603711007,2
6.447783483139645,2
6.462741457946283,2
6.47616733467547,2
6.488054292801118,2
6.494027146401059,2
6.500000000001,2
6.501308341922599,0
6.502685500772481,0
6.504378609022689,0
6.507764825523106,0
6.514537258523939,0
6.525803880785676,0
6.536870014311005,0
6.547904016746356,0
6.559134882966043,0
6.571401191232242,0
6.584956793555617,0
6.599750405487864,0
6.615734475706374,0
6.632856230561878,0
6.651097619457651,0
6.670490969914547,0
6.689300043807037,0
6.706704284943013,0
6.722352388233702,0
6.73625345787769,0
6.74841437558934,0
6.758740122332532,0
6.763695522252142,0
6.770161912432999,0
6.774701092453244,0
6.780608032646566,0
6.78861260289985,0
6.798173510514496,0
6.80944902944895,0
6.822046782800946,0
6.832676723133964,0
6.842307860024771,0
6.852241481019713,0
6.863063409551956,0
6.876964264320859,0
6.894595098775526,0
6.913901645100595,0
6.931952001557738,0
6.948395961200217,0
6.963265575543522,0
6.976558183503768,0
6.988300233135941,0
6.994150116567971,0
7,0
7.001298308495839,2
7.002663021212768,2
7.004335872914464,2
7.007681576317858,2
7.014372983124646,2
7.02586576496311,2
7.037155408413649,2
7.048143304745984,2
7.059096853573059,2
7.071174089971081,2
7.084565153392094,2
7.097966291852185,2
7.110407248510429,2
7.121767215418949,2
7.131920528267419,2
7.140721740427084,2
7.147929562870302,2
7.154815390271327,2
7.161717282556069,2
7.168833617580147,2
7.177491082391084,2
7.187639168831831,2
7.19913951948451,2
7.211935932136782,2
7.225954219977202,2
7.239815509435632,2
7.25194730459278,2
7.262136849228242,2
7.266399712381904,2
7.2725335047331,2
7.277066592108048,2
7.283165967151443,2
7.290934532027292,2
7.300499460845074,2
7.311802387222297,2
7.324551439099995,2
7.338576124712282,2
7.353776088306827,2
7.37008915466865,2
7.387496223238656,2
7.406011411115403,2
7.424530259404414,2
7.441452797237961,2
7.456810235396976,2
7.470643183034261,2
7.482926523158229,2
7.491463261579614,2
7.500000000001,2
7.502094036422748,0
7.503917341219037,0
7.506017589935423,0
7.510218087368195,0
7.518619082233737,0
7.530092460547642,0
7.54107960294825,0
7.551882340766832,0
7.562958553672845,0
7.575332647623712,0
7.589034708700186,0
7.604002386300465,0
7.620192388628013,0
7.637548226005111,0
7.656068008730615,0
7.675431015317167,0
7.69404717098981,0
7.711205248868961,0
7.726653075200789,0
7.740401068469123,0
7.752445278616329,0
7.762679285733999,0
7.767502849098961,0
7.773909015269863,0
7.778495828141374,0
7.784447489477928,0
7.791963384631748,0
7.801149118722398,0
7.812123282613521,0
7.822702565836538,0
7.831606212835593,0
7.840642228809227,0
7.850303667556467,0
7.862526062176279,0
7.877625103503958,0
7.895602775710128,0
7.914835588433495,0
7.932625228031453,0
7.948767357275321,0
7.963327053167282,0
7.976297192525919,0
7.987689123375609,0
7.993844561687805,0
8,0
8.001327153435527,2
8.00272414654828,2
8.004446982265122,2
8.007892653698807,2
8.014783996566177,2
8.026163540576828,2
8.037122641219357,2
8.047807125984875,2
8.058461373282883,2
8.070101226121729,2
8.083105484288527,2
8.097425185272519,2
8.111204164093181,2
8.123902469044019,2
8.135445754408329,2
8.145696019959843,2
8.154513686077124,2
8.161608745247015,2
8.168346747133638,2
8.175104595003699,2
8.182553424450553,2
8.1916276077304,2
8.202239307982261,2
8.21425290797105,2
8.227590546862288,2
8.241532473431359,2
8.253800573132247,2
8.264137583798986,2
8.268513741695191,2
8.274874564493796,2
8.279510897725393,2
8.285513117679791,2
8.292908801459154,2
8.301800939845604,2
8.312507647648259,2
8.324750032721097,2
8.338332198716918,2
8.3531525466307,2
8.369132304423264,2
8.38624285041924,2
8.404494492088611,2
8.422993976605511,2
8.439873204505856,2
8.455147680952118,2
8.468867947681623,2
8.480997265758852,2
8.49215729897972,2
8.500000000001,2
8.502064672608467,0
8.503937462840332,0
8.505965636184122,0
8.510021982871702,0
8.518134676246863,0
8.529437079483024,0
8.540269698684652,0
8.550915381630659,0
8.56148767154882,0
8.573338325236497,0
8.586572396675205,0
8.60111346288417,0
8.616925450812515,0
8.633939442675908,0
8.652141409801713,0
8.671575735131052,0
8.690443443369983,0
8.708021967655336,0
8.723904061574784,0
8.738093713313223,0
8.750610067139448,0
8.761376686733584,0
8.770167475089828,0
8.776365406876881,0
8.781087964367556,0
8.787463134346257,0
8.794546324153558,0
8.803113401690295,0
8.813583834270791,0
8.823311806350397,0
8.831915901377878,0
8.840666409794792,0
8.850852710884082,0
8.863556080969904,0
8.878977805097716,0
8.896835176325993,0
8.915926135285279,0
8.933488583126721,0
8.949362927665774,0
8.963631380046287,0
8.976270539594379,0
8.987490421602701,0
8.99374521080135,0
9,0
9.001336356366689,2
9.002743666890714,2
9.004482532767062,2
9.007960264519758,2
9.01491572802515,2
9.026231521162927,2
9.03713462507522,2
9.047776295879885,2
9.058387466850945,2
9.069662467798526,2
9.082324172664087,2
9.096342470429494,2
9.110872499691871,2
9.124398919609668,2
9.136780163426922,2
9.147934669588192,2
9.157723580226946,2
9.165962530504622,2
9.172662926299438,2
9.179315690803929,2
9.186015976581443,2
9.194164900129895,2
9.203982683754093,2
9.21530387187692,2
9.228032538891247,2
9.241948542102845,2
9.254218901653216,2
9.264539615297688,2
9.269079551328263,2
9.275357416708479,2
9.280124302758649,2
9.286257116447088,2
9.293497577872762,2
9.301341582671991,2
9.311086495776777,2
9.322504551138818,2
9.335340443666258,2
9.349509951548182,2
9.364897611505103,2
9.381449478790072,2
9.399162821118223,2
9.418069322765341,2
9.435348404225342,2
9.45094431405084,2
9.464961404557805,2
9.477338542205011,2
9.488511377107651,2
9.494255688554325,2
9.500000000001,2
9.501290782665965,0
9.502645164657581,0
9.504300465741004,0
9.507611067907849,0
9.514232272241539,0
9.525616525154094,0
9.536588597385323,0
9.547270294239427,0
9.557937678656989,0
9.569016581635299,0
9.581484239046137,0
9.595328873716825,0
9.610472182356999,0
9.626872255777942,0
9.644483465838309,0
9.663321428120744,0
9.682615498757093,0
9.700859180544532,0
9.717357148572843,0
9.732162116904881,0
9.745285978971655,0
9.756692930543402,0
9.766233821390315,0
9.771036051702074,0
9.776146713667822,0
9.780917053428137,0
9.787553372081979,0
9.794777896535917,0
9.802355133802653,0
9.811863484142211,0
9.822369231042101,0
9.830905775514966,0
9.839535166827867,0
9.84887693283606,0
9.860663593815623,0
9.875151465367512,0
9.892463776205133,0
9.91107347482472,0
9.929058783057062,0
9.945359409125953,0
9.959992049237542,0
9.972981250240483,0
9.984306563708634,0
9.992153281854318,0
10,0
10.00206011485973,2
10.00382772906754,2
10.00583019175886,2
10.0098351171415,2
10.01784496790676,2
10.02928828913518,2
10.04025810152495,2
10.05102863908741,2
10.06173608577945,2
10.0731924763753,2
10.08603872619818,2
10.10023721780429,2
10.1147118731297,2
10.1281730433984,2
10.14049697069115,2
10.15159154863534,2
10.16132347492418,2
10.16949790131353,2
10.17618510127259,2
10.18283052698273,2
10.18952695711306,2
10.19774987916228,2
10.20764910543602,2
10.2190541961724,2
10.23187470921851,2
10.24513362973886,2
10.256640205647,2
10.26608974646107,2
10.27298730071318,2
10.27795075112759,2
10.28412308383706,2
10.29111310353751,2
10.29827254156977,2
10.30638098513278,2
10.31632720938598,2
10.32788871256323,2
10.34089758922485,2
10.35523880941337,2
10.37080296294798,2
10.38754737402944,2
10.40547537116986,2
10.42392374497606,2
10.44070939287048,2
10.45582607224737,2
10.46933173026634,2
10.48116990846501,2
10.49214336018812,2
10.500000000001,2
10.50205453773589,0
10.50391882766098,0
10.50594706759714,0
10.51000354746946,0
10.5181165072141,0
10.52964914387317,0
10.54071360623463,0
10.55158185353792,0
10.56238601566774,0
10.5738723207288,0
10.58674262531834,0
10.60096553408423,0
10.61648343389418,0
10.6332517952909,0
10.65124224538985,0
10.67048937645823,0
10.68957322803971,0
10.70694815759999,0
10.72258041645211,0
10.73651048567973,0
10.74872095431912,0
10.75914172538617,0
10.76451427416448,0
10.77110911405052,0
10.77605724863592,0
10.78206161903531,0
10.78941652263883,0
10.79670544401798,0
10.80403825061198,0
10.8131620916913,0
10.82398796259963,0
10.83264395119725,0
10.84139688887412,0
10.85040933841642,0
10.86174565136486,0
10.87587107692168,0
10.89296454252868,0
10.91143882283689,0
10.92951481974684,0
10.94590285939833,0
10.96060204551869,0
10.97364549169454,0
10.98500660645684,0
10.99250330322842,0
11,0
11.00202627404707,2
11.00375953068883,2
11.0057109593591,2
11.00961381669966,2
11.01741953138076,2
11.02898417156607,2
11.04017996613217,2
11.05115842523642,2
11.06208103522306,2
11.07349153813809,2
11.08627523180838,2
11.10041713284841,2
11.11467187153083,2
11.12793162232277,2
11.14007784350057,2
11.15100674080583,2
11.16058796252666,2
11.16861792038971,2
11.17533756027512,2
11.18202644507783,2
11.18876983748603,2
11.19706141525503,2
11.20700544888092,2
11.21843561792964,2
11.23127038522463,2
11.24420629286226,2
11.25532243933036,2
11.26146520861394,2
11.26854564151943,2
11.27358274353675,2
11.27941545422882,2
11.28741145432002,2
11.29475783835514,2
11.3021085985425,2
11.31059279321519,2
11.32078638119596,2
11.33257590679122,2
11.3458163955543,2
11.36037619581657,2
11.37615956374246,2
11.39313131983543,2
11.41130212289336,2
11.42939042946883,2
11.44580681815421,2
11.46057577909051,2
11.47371616729134,2
11.48517767779548,2
11.49258883889824,2
11.500000000001,2
11.5020149169242,0
11.50373871077696,0
11.50567747152703,0
11.50955499302716,0
11.51731003602742,0
11.52877544155187,0
11.5399443983468,0
11.55103416544867,0
11.56207122265898,0
11.57352610929461,0
11.58634722723866,0
11.60051873333643,0
11.61597892230114,0
11.63269646014854,0
11.65063754474329,0
11.66983211606006,0
11.68885501243772,0
11.70605079331919,0
11.72147743329625,0
11.73517665108827,0
11.74711920968145,0
11.75722133777163,0
11.76204789710489,0
11.76820717431359,0
11.77316929720711,0
11.77945202025161,0
11.7879525626287,0
11.79542586468858,0
11.80284886212058,0
11.81131572354271,0
11.8214693357715,0
11.83180040900243,0
11.84079635777755,0
11.8499897190954,0
11.86033569047746,0
11.87341413725193,0
11.88960314882553,0
11.9076955582521,0
11.92626479882025,0
11.94316647839039,0
11.95835962148004,0
11.97190586877956,0
11.98377209237558,0
11.99188604618779,0
12,0
12.0020531697451,2
12.00383612545813,2
12.00587617820671,2
12.00995628370386,2
12.01811649469817,2
12.02948425601339,2
12.0405399207682,2
12.05173210811705,2
12.0628629521796,2
12.07447338679948,2
12.08744772951681,2
12.10175502499203,2
12.11546964972339,2
12.12815850073923,2
12.1397438988542,2
12.15008559758476,2
12.1590568473506,2
12.16639329516598,2
12.17314590721446,2
12.17991104536651,2
12.18712149259551,2
12.19595080540032,2
12.20634670076496,2
12.21816545862688,2
12.2313377620213,2
12.24389697620998,2
12.25454229001444,2
12.25948566349885,2
12.26608145615446,2
12.27108962603376,2
12.2772020940628,2
12.28553728733078,2
12.29305373157032,2
12.30053723235369,2
12.30839358031271,2
12.31798936905312,2
12.32925715950233,2
12.34201050986963,2
12.35613793941591,2
12.37151495830067,2
12.38808531268402,2
12.40584728413121,2
12.42457509897032,2
12.44165260214142,2
12.4570455915997,2
12.47083749964907,2
12.48296360583423,2
12.49148180291762,2
12.500000000001,2
12.50207379263465,0
12.50388940130695,0
12.50598654235736,0
12.51018082445819,0
12.51856938865983,0
12.52986187193818,0
12.54083446150338,0
12.55211051755239,0
12.56332208116067,0
12.5751073527378,0
12.58825213666471,0
12.60271142395011,0
12.61844020047642,0
12.63540914319142,0
12.65359473601718,0
12.67303757708156,0
12.6916342225515,0
12.70837684183732,0
12.72335660364643,0
12.73657427001012,0
12.74800447883906,0
12.75751308146731,0
12.76467366982116,0
12.76969240102232,0
12.77558551845121,0
12.78344016202903,0
12.79090270000024,0
12.7984299923692,0
12.80600576242984,0
12.81514384281664,0
12.82599223199251,0
12.83608691202379,0
12.84541934607623,0
12.85503229728447,0
12.86621670605009,0
12.88039295373615,0
12.89772733988761,0
12.91640490278003,0
12.93436448367585,0
12.9506499424114,0
12.96526591549853,0
12.97823140878329,0
12.98952715785577,0
13,0
13.00218439766564,2
13.00417647568648,2
13.00654482237495,2
13.01128151575189,2
13.02075490250577,2
13.0319731236636,2
13.04288078706289,2
13.05422244298922,2
13.06546330708601,2
13.07760117781732,2
13.09109984965148,2
13.10495018430147,2
13.11787438992422,2
13.12974962833563,2
13.14046953045225,2
13.14989789326913,2
13.15784879578722,2
13.16467118472899,2
13.17146941848708,2
13.17832078550018,2
13.18643730782183,2
13.19612785204447,2
13.20725920684306,2
13.21974960397719,2
13.23352406790174,2
13.24561353649158,2
13.25566876315133,2
13.2605646330947,2
13.26609822481019,2
13.2710043963105,2
13.27760825530217,2
13.28636372335616,2
13.29403477841328,2
13.30164454272411,2
13.31004848037733,2
13.32012350862923,2
13.33180901604417,2
13.34494851113058,2
13.35941875682955,2
13.37511549210477,2
13.39199628907437,2
13.41006823313413,2
13.42855490856254,2
13.44539401613637,2
13.46058477601908,2
13.47417849196857,2
13.48612356068121,2
13.4930617803411,2
13.500000000001,2
13.50197016113516,0
13.50364680753737,0
13.50551524999554,0
13.50925213491188,0
13.51672590474456,0
13.52798226887945,0
13.53893388649282,0
13.55030204413116,0
13.56164479515725,0
13.57347444538223,0
13.58664719096238,0
13.60112157563776,0
13.6168511441604,0
13.63381165618624,0
13.6519773051142,0
13.67138499318119,0
13.69013196976189,0
13.7070130504688,0
13.7221124542224,0
13.73544405582702,0
13.74698039190628,0
13.7565984142484,0
13.76150883966613,0
13.76659045503063,0
13.77143462414526,0
13.77812864436655,0
13.78658184465864,0
13.79429222482765,0
13.80196291567953,0
13.81062889159309,0
13.82095778884703,0
13.83213077885824,0
13.8415546855802,0
13.85120730829451,0
13.86125415742673,0
13.87411471688692,0
13.89043016956018,0
13.90864167386425,0
13.92736974283507,0
13.94446197681322,0
13.95985737169712,0
13.97362875677114,0
13.9857519168564,0
13.9928759584282,0
14,0
14.00198148486168,2
14.00367479357702,2
14.0055709202204,2
14.00936317350715,2
14.01694768008066,2
14.02819500747004,2
14.03913137845377,2
14.05051353074129,2
14.06186648533967,2
14.07382262110947,2
14.08711876445742,2
14.10082208091462,2
14.11360454642928,2
14.12535380247734,2
14.13596121885262,2
14.14528637435055,2
14.15314456665166,2
14.15999236140823,2
14.16682029574618,2
14.17370015276519,2
14.18180982157635,2
14.19146406063818,2
14.2025355515661,2
14.21494565964347,2
14.22862182126954,2
14.24140355181365,2
14.25227799251618,2
14.25779951044726,2
14.26461291911358,2
14.26954229221048,2
14.27550055624963,2
14.28366491735717,2
14.29134118243423,2
14.29901618257257,2
14.30728468498269,2
14.31725233812438,2
14.32883041521659,2
14.34185453597648,2
14.35621461030945,2
14.37179891882252,2
14.38855970695892,2
14.40649944754283,2
14.42535682937242,2
14.44257831191539,2
14.45813726034561,2
14.47211962464772,2
14.48446968569365,2
14.49223484284733,2
14.500000000001,2
14.50202291156446,0
14.50377318395736,0
14.50576322301491,0
14.50974330113002,0
14.51770345736024,0
14.52894318699138,0
14.53986477932841,0
14.55124116920994,0
14.56257352297886,0
14.57471843601663,0
14.58820337143463,0
14.60296307058514,0
14.61896722609426,0
14.63618182683927,0
14.65459338347796,0
14.67401753829263,0
14.69260057898696,0
14.70932787572317,0
14.72427963104601,0
14.73746616532134,0
14.74885603384172,0
14.75830806286129,0
14.76320115940672,0
14.76800384470739,0
14.77277877449414,0
14.77957067869765,0
14.787206067121,0
14.79492372851598,0
14.80267254218619,0
14.81197195055524,0
14.82292988737671,0
14.83349925232807,0
14.84301426071152,0
14.85281539372605,0
14.86370508229657,0
14.87761767463553,0
14.89495154196588,0
14.91362297624248,0
14.93195223558897,0
14.94863953404271,0
14.96365930679771,0
14.97706241528257,0
14.98883697093903,0
14.99441848546952,0
15,0
15.00127314551766,2
15.00260916568148,2
15.00423742450548,2
15.00749394215347,2
15.01400697744946,2
15.02529316421814,2
15.0363225700847,2
15.04737506112565,2
15.05870975286844,2
15.07044750303314,2
15.08350823768783,2
15.09728471197544,2
15.11015190956425,2
15.12198952083043,2
15.13270232357698,2
15.14214246188708,2
15.15014224263308,2
15.15699923425528,2
15.1638264340205,2
15.17070201961342,2
15.17865239485921,2
15.18814372065764,2
15.19905871231052,2
15.21130900801936,2
15.22482475826904,2
15.2382429874846,2
15.24986277297869,2
15.2594223061752,2
15.2664293117289,2
15.2713374847118,2
15.27743500782107,2
15.28490940245005,2
15.29248826442511,2
15.30018010042569,2
15.30921034423287,2
15.31991884328388,2
15.33213905950287,2
15.34575241004717,2
15.36063657467489,2
15.37671008452089,2
15.39394883057809,2
15.4123697657903,2
15.43071809588553,2
15.44742301777472,2
15.46251597600706,2
15.47602570056213,2
15.48791712451741,2
15.49395856225921,2
15.500000000001,2
15.50131504552541,0
15.50269958609293,0
15.50440402826487,0
15.50781291260875,0
15.51463068129652,0
15.52593089091483,0
15.53697009851083,0
15.54812164834906,0
15.55941558232506,0
15.57128583542178,0
15.58448377413725,0
15.59898379888886,0
15.61472804961201,0
15.63168681023616,0
15.64983527599238,0
15.66920703237963,0
15.68807452981535,0
15.70540202126466,0
15.72095421489339,0
15.73474723473923,0
15.74677807846844,0
15.75695013696672,0
15.76153598891377,0
15.76782909066166,0
15.77263417754713,0
15.77876653739606,0
15.78639034899164,0
15.79407268674692,0
15.80178917970957,0
15.8112906594519,0
15.8224334062581,0
15.8325849238372,0
15.84202604824607,0
15.85176193664013,0
15.86291388236579,0
15.87708107874633,0
15.89450419680755,0
15.91324923522135,0
15.93157617228733,0
15.94825597025063,0
15.96327853401749,0
15.97669131501192,0
15.9884855211371,0
15.99424276056855,0
16,0
16.00128959837002,2
16.00264447899204,2
16.00430210219753,2
16.00761734860852,2
16.01424784143049,2
16.02559095169747,2
16.03667808671701,2
16.0477858914009,2
16.05904197048669,2
16.07085273025196,2
16.08399131094497,2
16.09780982896776,2
16.11071364054487,2
16.12257473186727,2
16.13329769017398,2
16.14273525508057,2
16.15071527758381,2
16.15755834675928,2
16.16437190838537,2
16.17123388415364,2
16.17923902242711,2
16.18879344348595,2
16.19977339387387,2
16.21209218353281,2
16.22567692379703,2
16.23920037857698,2
16.25094369010066,2
16.26065435765389,2
16.2654562191824,2
16.27032152216822,2
16.27505100658487,2
16.28174625367789,2
16.28935077810596,2
16.29704204815603,2
16.3057025785517,2
16.31608961203148,2
16.32800624991418,2
16.3413233064917,2
16.35593610584266,2
16.37174716276367,2
16.38872112580449,2
16.40686568434312,2
16.4256192237863,2
16.44273811996645,2
16.45821754339132,2
16.4721286218471,2
16.48442628131149,2
16.49221314065624,2
16.500000000001,2
16.50203143327056,0
16.50378591134857,0
16.50577935333851,0
16.5097662373184,0
16.51774000527817,0
16.52909659116163,0
16.54014096258446,0
16.55137606874018,0
16.56255659645977,0
16.57476932700828,0
16.58832362680574,0
16.6031522177956,0
16.61922793185616,0
16.636504413933,0
16.65497245188573,0
16.67434302761129,0
16.69300664496948,0
16.7099863766465,0
16.72520478999749,0
16.73868071546691,0
16.750394090516,0
16.76022509317287,0
16.76488855971614,0
16.77055576242141,0
16.77531504588423,0
16.78177065185146,0
16.78936233749044,0
16.79701528286098,0
16.80567172018594,0
16.81607394142165,0
16.82703268907071,0
16.83626207692995,0
16.84568631083535,0
16.85547865189686,0
16.86801710315851,0
16.88376742469713,0
16.90177849510369,0
16.921007526608,0
16.93859894430399,0
16.95448463836668,0
16.9687676417031,0
16.9814201828391,0
16.99243971051008,0
17,0
17.00201943506134,2
17.00386455736086,2
17.00585265164186,2
17.00982884020384,2
17.01778121732781,2
17.02916680444333,2
17.04024645896426,2
17.05144411210876,2
17.06258510929717,2
17.07474210059118,2
17.08824235979784,2
17.10200391941466,2
17.11482059186866,2
17.12656724968015,2
17.13713380162323,2
17.14638088496448,2
17.154105910071,2
17.16092002481003,2
17.16771965091866,2
17.17457196258541,2
17.18286795098196,2
17.19272338260321,2
17.20399194422305,2
17.21660359588048,2
17.23047755876698,2
17.24360832148469,2
17.25489561024021,2
17.26409530232497,2
17.27061152618692,2
17.27545544184036,2
17.28180134798176,2
17.28912566557191,2
17.29664431276096,2
17.30521970739628,2
17.31556466329724,2
17.32745721659701,2
17.34075449821444,2
17.35534721443186,2
17.37113725916694,2
17.38808913989235,2
17.40621010699447,2
17.42492426352613,2
17.44200349126673,2
17.45744333820172,2
17.47131343587226,2
17.48356818645568,2
17.49178409322834,2
17.500000000001,2
17.50206164987952,0
17.5038540078576,0
17.50590888783999,0
17.51001864780476,0
17.5182381677343,0
17.52964318199137,0
17.54073744674682,0
17.55190445938893,0
17.56300298575987,0
17.57516472683957,0
17.58867381881521,0
17.60346542363506,0
17.61951057309009,0
17.63675933122894,0
17.65520199312781,0
17.67460624872757,0
17.69329541108628,0
17.71033880786884,0
17.72563003814068,0
17.7391852980215,0
17.75099060254229,0
17.76093251392272,0
17.76555822487343,0
17.77146663420463,0
17.77623768746827,0
17.78257799220095,0
17.79012144355811,0
17.79772121007782,0
17.80648492589086,0
17.81699808022318,0
17.82760411321787,0
17.83674575847774,0
17.84608709014844,0
17.85622137234595,0
17.86909182748389,0
17.88512234528043,0
17.90323270815679,0
17.92223855053288,0
17.9396040964691,0
17.95527544899138,0
17.96934144880649,0
17.98177698016502,0
17.99256239712362,0
18,0
18.00201478071053,2
18.00384761073886,2
18.00581723363304,2
18.0097564794214,2
18.01763497099812,2
18.02906794688017,2
18.04020478765874,2
18.05134611707615,2
18.06242920829419,2
18.07444699785209,2
18.0878114038413,2
18.10183149053953,2
18.11492894995506,2
18.12695554824666,2
18.1378201297269,2
18.14737802060499,2
18.15545420349814,2
18.16226252431089,2
18.16903580576075,2
18.17585792907488,2
18.18389837202746,2
18.19352492898606,2
18.20460333537634,2
18.21704365535637,2
18.23076791815152,2
18.24395677017443,2
18.2553215415843,2
18.26461260278767,2
18.27126576068436,2
18.27612531281502,2
18.28240053869565,2
18.2896755642535,2
18.29714345804424,2
18.30568674489651,2
18.31601018110864,2
18.32788603668939,2
18.34117040126801,2
18.35575269327717,2
18.37153440106117,2
18.3884800672288,2
18.40659696749382,2
18.42518665244675,2
18.44213956089444,2
18.457456192315,2
18.47119684335033,2
18.48331564038923,2
18.49165782019511,2
18.500000000001,2
18.50207143570523,0
18.50387507834709,0
18.50594780942498,0
18.51009327158076,0
18.51838419589233,0
18.52981776559123,0
18.5409459722336,0
18.5520733091846,0
18.56312649860644,0
18.57517592750206,0
18.58857678683801,0
18.60327163134955,0
18.61922626569758,0
18.63639114889443,0
18.65475300824569,0
18.67423073064128,0
18.69299320239143,0
18.71009349718613,0
18.72544602351537,0
18.73906379050732,0
18.75093804164846,0
18.76096295092053,0
18.76558041608774,0
18.77165441141702,0
18.77644676510503,0
18.78269984893772,0
18.79020414883235,0
18.79776234082821,0
18.80632197766864,0
18.81665376138526,0
18.82733891840777,0
18.83640924643395,0
18.84566018533843,0
18.85559851303545,0
18.86822826776678,0
18.88394965558567,0
18.90192045724713,0
18.92096552127644,0
18.93836660888545,0
18.95406789350595,0
18.96815846757875,0
18.98060847274745,0
18.99140270445761,0
19,0
19.00208670003932,2
19.00397836371313,2
19.00610385918949,2
19.01035485014222,2
19.01885683204767,2
19.03028777025175,2
19.04141072546245,2
19.05253146815484,2
19.06356995766312,2
19.07559767174954,2
19.08897993023252,2
19.10310646090883,2
19.11631535715386,2
19.12844938308581,2
19.13942284096048,2
19.14909061843298,2
19.1572841300968,2
19.16408610533767,2
19.17084688656092,2
19.17765583245575,2
19.18562432856154,2
19.19519412152352,2
19.20623329982957,2
19.21864555020803,2
19.2323532681127,2
19.24535271258834,2
19.25650144784066,2
19.26277021937986,2
19.26760560058129,2
19.27263250272521,2
19.27735927304308,2
19.28416523547452,2
19.29172328684697,2
19.29930151808844,2
19.30817197160264,2
19.31875789240222,2
19.33085047333661,2
19.34434239641228,2
19.35911590153228,2
19.37508349357882,2
19.39221804036206,2
19.41053232236919,2
19.42872504818155,2
19.44527241820667,2
19.46020508485786,2
19.47354539764972,2
19.48525399546543,2
19.49262699773322,2
19.500000000001,2
19.50201169001494,0
19.50373185810807,0
19.50566514485947,0
19.50953171836226,0
19.51726486536784,0
19.52871940705598,0
19.53988856220997,0
19.55100441499576,0
19.56206517616615,0
19.57388431824325,0
19.58705342618771,0
19.60153445388403,0
19.61728069729682,0
19.63424908965922,0
19.65241669910219,0
19.67182122722398,0
19.69072860364507,0
19.70801798676627,0
19.72355320630883,0
19.73735431532026,0
19.74941573151973,0
19.75964785792476,0
19.76441856894402,0
19.77081009944539,0
19.77563738859326,0
19.78170635450437,0
19.789175079284,0
19.79670388965006,0
19.80470649757999,0
19.81453640796148,0
19.82572768419687,0
19.83474566817576,0
19.84390145978291,0
19.85336431877672,0
19.8652039110216,0
19.8800482991726,0
19.89765187640154,0
19.91655965640545,0
19.93430891898089,0
19.95037294699292,0
19.96480361747345,0
19.97759588908511,0
19.98873893913952,0
19.99436946956976,0
20,0
20.001278465355,2
20.00262002303307,2
20.00425640687791,2
20.00752917456758,2
20.01407470994693,2
20.02553699376954,2
20.03677160104691,2
20.0478815739984,2
20.0589815860485,2
20.07035726987745,2
20.08308088632616,2
20.09714898483481,2
20.11086485360876,2
20.12357287904247,2
20.13517632230131,2
20.14554208276857,2
20.15453742299871,2
20.16190884506648,2
20.16868135569269,2
20.1754622154545,2
20.18261556360189,2
20.19137506320302,2
20.20169336158205,2
20.21342444125102,2
20.22650005849532,2
20.24011302469171,2
20.25199162985345,2
20.26185299333652,2
20.26665363002517,2
20.27189334552605,2
20.27668179661609,2
20.283309553542,2
20.29079165926605,2
20.29834192648787,2
20.30673308661072,2
20.31688620040663,2
20.32860671201662,2
20.34174993192719,2
20.35621103284402,2
20.371884408155,2
20.38872926152692,2
20.40675012218405,2
20.4252547732839,2
20.44212137957768,2
20.45734584379452,2
20.47098488162008,2
20.48298740960567,2
20.49149370480333,2
20.500000000001,2
20.5020806045653,0
20.50389766519391,0
20.50599335253123,0
20.51018472720588,0
20.51856747655518,0
20.52998406781192,0
20.54109886124969,0
20.55223354856113,0
20.56329093895988,0
20.575201484634,0
20.58846721058119,0
20.60303823124386,0
20.61887420965176,0
20.63593026909059,0
20.65418801957975,0
20.67369048393429,0
20.69256369795379,0
20.7096060443879,0
20.72489292659995,0
20.73844387497796,0
20.75024130447363,0
20.76018346958844,0
20.76487617186227,0
20.77078191210259,0
20.77560226768601,0
20.78196149579917,0
20.78944786943301,0
20.79698826288183,0
20.80484700754847,0
20.81452781991052,0
20.82583859969361,0
20.83488668782777,0
20.84404533679633,0
20.85351647717182,0
20.86516302864908,0
20.87980502471262,0
20.89733167895266,0
20.91616859009669,0
20.93395725612007,0
20.95006654014882,0
20.96453479631575,0
20.97736290126086,0
20.98853769640457,0
20.99426884820229,0
21,0
21.00128749784439,2
21.00263969301517,2
21.00429284806343,2
21.00759915815993,2
21.01421177835294,2
21.02564948637964,2
21.0368570364261,2
21.04799044212514,2
21.05911282684107,2
21.07047913987599,2
21.08319384400833,2
21.09725275154402,2
21.11096259665416,2
21.12366904216532,2
21.13527478685019,2
21.1456470315135,2
21.15465393055351,2
21.1620443794486,2
21.16882250739525,2
21.17560838392451,2
21.18273921548128,2
21.19147436382944,2
21.20176935457324,2
21.21347753039277,2
21.22653161287786,2
21.24004193216395,2
21.25180227847289,2
21.26152591878066,2
21.26639745074507,2
21.27126782024873,2
21.27604810202244,2
21.28275746893282,2
21.29024139824757,2
21.29780647081971,2
21.30589423453967,2
21.31576137846388,2
21.3272356146875,2
21.34014959623813,2
21.35440673819879,2
21.36988935108295,2
21.3865473255403,2
21.40437987992013,2
21.42311553688371,2
21.44021736288228,2
21.45565642705881,2
21.46951468908859,2
21.48173294829255,2
21.49245985608162,2
21.500000000001,2
21.50201975675492,0
21.50385554753368,0
21.50583860130968,0
21.50980470886167,0
21.51773692396566,0
21.52913935126707,0
21.54025398350777,0
21.55141312025388,0
21.56251285691114,0
21.57433533859324,0
21.58750898545624,0
21.60199274131517,0
21.61774103719106,0
21.63471390869492,0
21.65288858747444,0
21.67230367477343,0
21.69123695296975,0
21.70833683919086,0
21.72367252677272,0
21.73727134184767,0
21.7491118789888,0
21.75909776763565,0
21.76379002581379,0
21.7697697875174,0
21.77460215091125,0
21.78092881516033,0
21.78842626232018,0
21.79597734656789,0
21.80356662529044,0
21.81289761747204,0
21.8238976325488,0
21.83366646205429,0
21.84285628480579,0
21.85231201327305,0
21.86347107335216,0
21.87753712916543,0
21.89484260629981,0
21.91348136972244,0
21.93153474648508,0
21.94793268425421,0
21.96266888215953,0
21.97577321598748,0
21.98722935911096,0
21.99361467955548,0
22,0
22.00134555486288,2
22.00276523754995,2
22.00452516033834,2
22.00804500591513,2
22.01508469706871,2
22.02648381140452,2
22.03763669522328,2
22.04880239854936,2
22.05994228939005,2
22.07144685570466,2
22.08429961086106,2
22.09848444802438,2
22.11205294479662,2
22.12459686629873,2
22.13603649841498,2
22.14622697483781,2
22.15503732998762,2
22.16219109798503,2
22.16896746042239,2
22.17576657774215,2
22.18308153782841,2
22.1919993699164,2
22.20245138535731,2
22.21430216686801,2
22.22748443912241,2
22.24079448718206,2
22.25231760133068,2
22.26177048666111,2
22.26864484716188,2
22.27357239233679,2
22.2797583203004,2
22.28710852842189,2
22.29455741241946,2
22.30211863016274,2
22.31117030107542,2
22.32191537331997,2
22.33417246743455,2
22.34782780566432,2
22.36275263238515,2
22.37886883460901,2
22.39615557317575,2
22.41463200207427,2
22.43253182018995,2
22.4487767200803,2
22.46341862487758,2
22.47645114812155,2
22.48783791544865,2
22.49391895772483,2
22.500000000001,2
22.50131879403708,0
22.502707480147,0
22.50441824882977,0
22.50783978619533,0
22.51468286092643,0
22.52607785326901,0
22.53723189669973,0
22.5484074047838,0
22.55956603994116,0
22.57106912467469,0
22.58391807737837,0
22.59809853048473,0
22.61354634475245,0
22.63023290195379,0
22.64812029707933,0
22.66723185055054,0
22.68633491238552,0
22.70386391717646,0
22.71961086159474,0
22.73362085497779,0
22.74587933114751,0
22.7563152672251,0
22.76159988002713,0
22.76817906745778,0
22.77304781186086,0
22.77904152786314,0
22.7868283942694,0
22.79438856006991,0
22.80196986647573,0
22.81098769845766,0
22.82167443855518,0
22.83200933004841,0
22.84120937543095,0
22.85064044051711,0
22.86125801693548,0
22.87470807258258,0
22.89143517906168,0
22.90982230714678,0
22.92824168362995,0
22.94501575495138,0
22.96011380691453,0
22.97358757071778,0
22.98541672501967,0
22.99270836250984,0
23,0
23.0020016895166,2
23.00371305523229,2
23.00563418413601,2
23.00947644194346,2
23.01716095755834,2
23.02855149179672,2
23.0396481855668,2
23.05084166037404,2
23.06198798227327,2
23.07381383120845,2
23.08698697481459,2
23.10116920951669,2
23.11445799990098,2
23.12669408085885,2
23.13780120674709,2
23.14762992159099,2
23.15603181930956,2
23.16285708090324,2
23.16963041044776,2
23.17644927300915,2
23.18415715645836,2
23.19346362440443,2
23.20425639298143,2
23.2164249207615,2
23.22989885014237,2
23.2428662863117,2
23.25398007912944,2
23.26011821954991,2
23.26502206722948,2
23.26991091792057,2
23.2746639451501,2
23.2815267117657,2
23.28911400734774,2
23.29672394545096,2
23.30453613121308,2
23.31414188476751,2
23.32538650357841,2
23.33808729911549,2
23.35215552533129,2
23.36746087173068,2
23.38394430061124,2
23.40159980426662,2
23.42045902140936,2
23.43790549498687,2
23.45367945338824,2
23.46787381629204,2
23.48043698756532,2
23.49134249736382,2
23.500000000001,2
23.50208557413615,0
23.50398187482035,0
23.50611594437067,0
23.5103840834713,0
23.51892036167256,0
23.53027408605562,0
23.54131363840157,0
23.55251870248206,0
23.56364696466441,0
23.57571625003603,0
23.58913780741414,0
23.60384925290101,0
23.61981864543733,0
23.63700184330398,0
23.65538634308385,0
23.67488884249696,0
23.69352307299458,0
23.71031525980743,0
23.72535331052613,0
23.73864423589697,0
23.7501647521579,0
23.75978612267047,0
23.76460091160509,0
23.76978203615332,0
23.77457273273968,0
23.78121056023956,0
23.78873933787271,0
23.79633823510294,0
23.80403533086981,0
23.81354805153541,0
23.82471372983806,0
23.83437516870181,0
23.84364157893607,0
23.85319893760062,0
23.86455988935533,0
23.87889894128121,0
23.89633993052849,0
23.91510415019965,0
23.93311396634291,0
23.94945911478007,0
23.96415212915494,0
23.9772140612168,0
23.98863232857713,0
23.99431616428856,0
24,0
24.00128296219246,2
24.00263005817519,2
24.00427536133768,2
24.00756596766267,2
24.01414718031264,2
24.02554183958748,2
24.0366943291237,2
24.04788843748193,2
24.0590785398771,2
24.0706080081372,2
24.0834792981731,2
24.09767867585095,2
24.11112541073654,2
24.12354207888188,2
24.13485650910564,2
24.14491703294607,2
24.15359310406928,2
24.16059469600553,2
24.16737417508507,2
24.17418581344009,2
24.18158041654971,2
24.19056984976762,2
24.20107221355009,2
24.21295893755923,2
24.22616422601932,2
24.23957142796242,2
24.25120195249671,2
24.26077548167597,2
24.26570124236368,2
24.2705231910377,2
24.27551115962406,2
24.28251031942085,2
24.29005267152776,2
24.2976593364389,2
24.30586069998025,2
24.31581642677671,2
24.32736834657356,2
24.3403550733335,2
24.35467641374123,2
24.37021863749091,2
24.38693400312599,2
24.40482335942899,2
24.42365003160178,2
24.44084173097389,2
24.45637001567285,2
24.47032156573688,2
24.48263940083731,2
24.49131970041915,2
24.500000000001,2
24.50208710207514,0
24.5039172747315,0
24.50603727973843,0
24.5102772897523,0
24.51875730978003,0
24.53011378322664,0
24.54115222159961,0
24.55236262372731,0
24.56349892890162,0
24.57560677337417,0
24.58906553282363,0
24.60381087392219,0
24.61981250750633,0
24.63702562342659,0
24.65543905112429,0
24.67491347615607,0
24.6935570795098,0
24.71036078644821,0
24.72540770448006,0
24.73870884018676,0
24.75023896487168,0
24.75986994190288,0
24.76467162821922,0
24.76987662620544,0
24.77466171910796,0
24.78129153130923,0
24.788828793221,0
24.79643588519957,0
24.80431259802737,0
24.81398879362624,0
24.8252946413009,0
24.83470749093258,0
24.84398412463734,0
24.85357394878116,0
24.865136932578,0
24.87972571910134,0
24.89727070432513,0
24.91612868080185,0
24.93407791988294,0
24.95035343243813,0
24.96498523519459,0
24.97798573059703,0
24.98934482123367,0
24.99467241061684,0
25,0
25.00125001157417,2
25.00255866599364,2
25.00414388980262,2
25.0073143374206,2
25.01365523265655,2
25.02506334470435,2
25.03623237067729,2
25.04742351832898,2
25.05862107737028,2
25.07014118429732,2
25.0830009588389,2
25.09718952109777,2
25.11061957882418,2
25.12301953836718,2
25.13431733556479,2
25.14436075362839,2
25.1530190389718,2
25.16000094019928,2
25.16677953030971,2
25.17359120597298,2
25.18099191781224,2
25.18998557064771,2
25.20048870990996,2
25.21237350525758,2
25.22557429220677,2
25.23908019176515,2
25.2508237823078,2
25.26052660093259,2
25.26539178359112,2
25.27020363190546,2
25.2749696719205,2
25.2816916719394,2
25.28922252699308,2
25.29683847795025,2
25.30495270758592,2
25.31483938271435,2
25.32632763899131,2
25.33925100616661,2
25.35351496032419,2
25.36900197647645,2
25.38566190397639,2
25.40349390616306,2
25.42244885481358,2
25.43976954825474,2
25.45541765113621,2
25.46949278474482,2
25.48193561182444,2
25.49272114591437,2
25.500000000001,2
25.50200136881319,0
25.50382488885253,0
25.50577246817276,0
25.50966762681323,0
25.51745794409417,0
25.52883832423876,0
25.53992080039368,0
25.55112350847369,0
25.56227659103783,0
25.57427476311895,0
25.58761806089438,0
25.60225554979075,0
25.61814968334194,0
25.63525893781367,0
25.65356678509657,0
25.67309059028583,0
25.69191380647616,0
25.70891792990014,0
25.72416040330175,0
25.73765671584967,0
25.74938931167461,0
25.75924866567674,0
25.76396142815762,0
25.76967908508952,0
25.77448322629415,0
25.78093462374139,0
25.78847458131321,0
25.79607282051741,0
25.80395562642752,0
25.81364883719606,0
25.82496786387239,0
25.83433000884121,0
25.84359591720872,0
25.85317614816744,0
25.86474958395325,0
25.87934584101402,0
25.89689223454066,0
25.91575006803992,0
25.93373532296552,0
25.95004747850355,0
25.96471571522012,0
25.97775530517304,0
25.98915676852855,0
25.99457838426427,0
26,0
26.00125887247199,2
26.00257781995652,2
26.00417904761384,2
26.00738150292848,2
26.01378641355775,2
26.02519893660559,2
26.03637033016375,2
26.04755500585831,2
26.05874289892547,2
26.07029495580586,2
26.08318679979852,2
26.09740537428753,2
26.11081266628798,2
26.12318314553502,2
26.13444818131641,2
26.14445304840667,2
26.15306632352123,2
26.15998944233304,2
26.16676344314238,2
26.17357401861089,2
26.18101784326763,2
26.19005624436385,2
26.20059919028283,2
26.21252137758292,2
26.22575668583072,2
26.23928823509573,2
26.25106035762865,2
26.26079784617824,2
26.26564145753424,2
26.27054993389824,2
26.27531645478456,2
26.28201751102268,2
26.28954800725933,2
26.29716024870021,2
26.30544540990686,2
26.31549093442616,2
26.32711628866899,2
26.34016726067475,2
26.35454479697962,2
26.37013824811733,2
26.38690261335016,2
26.4048400374714,2
26.42367215529727,2
26.44086804656835,2
26.45640336017532,2
26.47036371613473,2
26.48269458490464,2
26.49134729245282,2
26.500000000001,2
26.50208635458993,0
26.50391456112859,0
26.50603077987278,0
26.51026321736115,0
26.51872809233788,0
26.53009844279481,0
26.54115020291227,0
26.5523471324726,0
26.56346969246093,0
26.57560536845246,0
26.58909196344129,0
26.60386377359512,0
26.61989169034461,0
26.6371290770151,0
26.65556591561744,0
26.6750118900445,0
26.69371028134753,0
26.7105722704668,0
26.72567500844798,0
26.7390368142667,0
26.75063139437846,0
26.76033664690174,0
26.76509666250101,0
26.77048510467791,0
26.77526973403645,0
26.78184177557573,0
26.78937763877695,0
26.79697853396239,0
26.80517843461921,0
26.81515502214919,0
26.82640569797368,0
26.83553179558176,0
26.84481383486968,0
26.85442441681904,0
26.86641085708562,0
26.88148827334846,0
26.89922026523389,0
26.91825037728673,0
26.93601113682033,0
26.95207912820747,0
26.96652009343096,0
26.9793247644327,0
26.99048639966915,0
27,0
27.00213686947238,2
27.00408238328135,2
27.00632925823273,2
27.01082300813549,2
27.01981050794102,2
27.0311700008942,2
27.04219697618359,2
27.05339079199551,2
27.06449205686523,2
27.07671876948372,2
27.09030135370068,2
27.10417334573308,2
27.11710369141313,2
27.12896097124239,2
27.13963902191058,2
27.14900106501936,2
27.15685078865354,2
27.16365696028627,2
27.17044232312696,2
27.17728029944114,2
27.18551629545676,2
27.19532913521045,2
27.20657389920563,2
27.21917464312227,2
27.23305094501896,2
27.24575223127402,2
27.25654074702583,2
27.26194193690892,2
27.26868939510925,2
27.27356132950402,2
27.27950859729099,2
27.2869788307639,2
27.2945308378439,2
27.30213661896997,2
27.31155174692175,2
27.32262657542453,2
27.33516583609277,2
27.34908616132008,2
27.36425025640498,2
27.38059281030042,2
27.3981031619278,2
27.41680690434854,2
27.43459153840682,2
27.45071510508541,2
27.46525010619857,2
27.47817490247397,2
27.48946236569753,2
27.500000000001,2
27.5021957774867,0
27.50419322946238,0
27.50656973408512,0
27.51132274333059,0
27.52082876182153,0
27.53217901099408,0
27.54318301760483,0
27.55437257311733,0
27.56545249870962,0
27.57778686984392,0
27.59148222818254,0
27.60645048433241,0
27.62267483128763,0
27.64010164478399,0
27.65873064655668,0
27.67806769402712,0
27.69649202605306,0
27.71310027065824,0
27.72795708024898,0
27.74107660878668,0
27.75242221248587,0
27.76184497875101,0
27.76670887664271,0
27.77148712483204,0
27.77623882287415,0
27.78300572504293,0
27.79053324886527,0
27.79814030804393,0
27.80664642884356,0
27.8168924602412,0
27.82782685656287,0
27.83696663415328,0
27.84628523666842,0
27.85600694806864,0
27.868439877605,0
27.88401806503417,0
27.9019431275039,0
27.92108181047146,0
27.93857578328973,0
27.95436178752287,0
27.96853420074841,0
27.98106162391253,0
27.99193506040083,0
28,0
28.00205116313876,2
28.00391758252605,2
28.00597286172928,2
28.01008342013573,2
28.01830453694864,2
28.02969087216229,2
28.04076910472635,2
28.05195210042192,2
28.06306783602582,2
28.07510561285417,2
28.08849341327831,2
28.10250949473988,2
28.11560510892503,2
28.12763558741772,2
28.13850876744329,2
28.14808192593981,2
28.15618152914814,2
28.16299377230583,2
28.16977054093194,2
28.17659652352176,2
28.18461031846264,2
28.19421049522016,2
28.20526550516075,2
28.21768415044824,2
28.23138983154488,2
28.24432724286924,2
28.25539841262019,2
28.26146524138002,2
28.26634485600303,2
28.27119275028416,2
28.27592208419129,2
28.28278390165642,2
28.29037574887196,2
28.29799142124232,2
28.3064928324528,2
28.31673026472819,2
28.32852024545328,2
28.34172758384589,2
28.3562459604803,2
28.37197295680891,2
28.38886980210349,2
28.40694230521978,2
28.42555076504086,2
28.44252026093064,2
28.45784652264076,2
28.47159230967467,2
28.48370891460408,2
28.49185445730254,2
28.500000000001,2
28.50205648091633,0
28.50384258705744,0
28.5058873538931,0
28.50997688756443,0
28.51815595490708,0
28.52954698246506,0
28.54063094574528,0
28.55181053061398,0
28.56292409368267,0
28.57494517695248,0
28.58831618617984,0
28.60298144358339,0
28.61890537213442,0
28.63604343960467,0
28.65438067954588,0
28.67388546369288,0
28.69268414137954,0
28.70968788465725,0
28.72493398091685,0
28.73843844168197,0
28.75018422055197,0
28.76006169360365,0
28.76476287621755,0
28.77052770057518,0
28.7753310153165,0
28.78175761154899,0
28.78928214414129,0
28.79686400751929,0
28.80497344682464,0
28.81487739743889,0
28.82614914913413,0
28.83524844418982,0
28.84449684573594,0
28.85406941933716,0
28.86597534807382,0
28.88094596147307,0
28.89862557448494,0
28.91760579068025,0
28.93537658882671,0
28.9514583123747,0
28.96590990934774,0
28.97872497425124,0
28.98989528601075,0
29,0
29.00217145922606,2
29.00414545351849,2
29.00646715278526,2
29.01111055131878,2
29.02039734838583,2
29.03175902096807,2
29.04278254246723,2
29.05396377133544,2
29.06504127241773,2
29.07727165900731,2
29.09086169890974,2
29.10476578866415,2
29.1177289863121,2
29.12961648357565,2
29.14032338004238,2
29.14971238792002,2
29.15758809048237,2
29.1643918876312,2
29.17117352305894,2
29.17800777830642,2
29.18623933515627,2
29.19605320584701,2
29.20730385798925,2
29.21991427863468,2
29.2338037153234,2
29.24644676080318,2
29.25716813154926,2
29.262409221038,2
29.26909221365751,2
29.27396121136684,2
29.27994006108723,2
29.28741103212714,2
29.29495738298735,2
29.30255465383001,2
29.31198719064808,2
29.32307970816742,2
29.33563521730621,2
29.34957187846914,2
29.36475145001511,2
29.38110944922477,2
29.39863597410333,2
29.4173571885071,2
29.43505280860196,2
29.45108552350892,2
29.46553186080359,2
29.47836316846955,2
29.48955194479247,2
29.500000000001,2
29.50219107106096,0
29.50418171429525,0
29.50654637250602,0
29.51127568892756,0
29.52073432177064,0
29.53209118511137,0
29.54310657452272,0
29.55428691351916,0
29.56535797543444,0
29.5776252042769,0
29.59125371571941,0
29.60616035143521,0
29.62232480764863,0
29.63969456248578,0
29.65826655947028,0
29.67764361242475,0
29.69611881144546,0
29.71277370722646,0
29.72767844772182,0
29.74084568877585,0
29.75224247080707,0
29.76172581163889,0
29.76657135205262,0
29.77141551504583,0
29.77617400610649,0
29.78287463055075,0
29.7903908465826,0
29.79798889542151,0
29.80634918625499,0
29.81646502267711,0
29.82751333195116,0
29.83663223040846,0
29.8459182852632,0
29.85552605770712,0
29.8677655936963,0
29.88311995566496,0
29.9009485888226,0
29.92007123900788,0
29.93761920043258,0
29.95346109495604,0
29.9676854115961,0
29.98026287365191,0
29.99118613853907,0
30,0